2845
5216
2510
200
-824
8885
7461
9942
-2136
-3813
1057
5717
554
-1082
8830
-6012
1834
-5182
9971
-9628
2242
-5254
7814
3734
4974
-7944
1141
4596
2421
6617
-5043
4858
-5027
-2932
5504
-2962
-9847
-5614
2536
-1885
-3332
7877
-601
-6768
-2232
-9925
1335
4910
9502
-8208
8466
-6762
-436
-7592
8210
-1901
7402
8776
5226
-2881
-2256
-7135
-2479
1248
-8770
6199
744
-6515
3414
1792
-6165
-2552
2283
1856
3705
4365
5348
4581
-4034
4899
722
6231
5094
629
8151
-8282
-4706
-7436
-1141
-2595
-364
-8623
-840
-4584
-9629
-6198
356
8151
-7999
1569
-669
-2151
-8504
-2290
7958
1018
956
7709
-1297
-6156
2752
-7179
2810
-9673
6398
1514
-2228
6893
3097
9512
905
-1821
4627
-3991
-7845
-7543
8288
-3134
1484
-97
-5991
7197
2579
4398
-4433
-7127
4734
-2617
2672
-2867
763
-2414
3861
-4985
4653
-3185
-1432
-1167
-981
-1142
6031
3463
-4946
-7511
-9336
-8848
3223
5487
-4445
5500
2730
-5911
-3776
8801
9836
5556
242
8412
4761
3524
6780
-9612
-5779
-4037
-1251
-6682
4318
-389
1356
5340
3890
-545
7848
-7374
3872
546
2142
89
3734
-5585
-350
9247
-8172
7172
4404
-3326
-8639
5061
-4821
9098
6574
156
4073
5495
2079
5642
-758
9092
3741
7346
-3166
-6389
-5869
216
-8391
-6726
-3759
-6402
-5072
-711
-6586
-9848
-5322
345
-6127
7533
8561
-2951
1559
-7925
-8044
9258
-5569
2259
8766
-6266
5383
-7647
548
8231
-8696
3050
6349
6388
7581
-3961
5116
1612
5562
1129
-9568
7764
132
5891
5684
6422
-4523
-6273
1621
4546
7081
-7808
-2468
1666
5389
-2424
9180
1873
1450
7876
-2108
-6112
3050
-3302
-2015
364
-6197
-1710
2764
7835
-7584
-3052
1487
-9570
-8358
-5807
-874
-1459
6575
-7656
8257
1655
732
6002
-8851
9113
-4482
-5318
-9001
5
-3141
-6757
-9838
7687
-6764
6544
-5286
-6567
-2095
-4680
2618
7187
963
3786
2130
132
705
-2898
24
1196
8451
638
5298
-895
9619
6237
3156
7049
-4452
-1127
-5154
9122
-2709
-7241
975
9174
-3214
3801
7194
-4902
9479
-4308
-9364
1255
-274
-8931
-9308
6946
-6128
1017
-1593
8417
4659
-197
1554
6222
-2054
1058
8068
-3001
-6612
-2334
7886
9033
-9527
3497
-104
-1797
-7189
2957
-6654
6904
-92
-5075
1717
2759
2
-5958
9379
8549
5545
6210
3176
4531
-9535
-3570
-5538
7488
1206
4754
1227
5728
5734
194
-8290
1813
-2194
-8396
781
6230
1174
2489
4135
916
-2329
1503
-1492
-267
8087
8795
-3781
-6097
1679
9519
1455
-2822
4490
-6646
8567
4044
-966
2408
6998
-1943
-8271
-2382
-8830
9714
-6785
9904
-5048
-1602
3261
-6851
-2626
-6944
-7925
-7740
-3140
-1038
7922
4729
9402
2411
-1466
-2676
-5951
6215
8740
4533
7324
-5548
-6963
6738
-2805
8767
5491
-3923
-813
-9948
333
-1206
-3482
8183
3842
7822
642
-1471
2144
-1602
-4898
2230
6494
-396
6123
4305
3006
-5414
9524
4405
-6432
-5045
-9026
-1318
-7420
-9500
-4640
6524
5954
-1392
-2435
5999
3073
-3192
8630
-873
-1790
-8781
8569
713
6683
5521
-5929
341
-570
-4907
-2042
3434
-9386
2891
-4240
904
-3446
4782
6484
-4623
-2180
7837
5602
3342
2462
4118
2575
-6464
-9167
-896
9157
-314
975
-3005
-3906
1787
-3982
-1189
7723
-1952
-9116
634
9253
7487
2542
1927
5909
-6937
-7153
6661
-556
8292
324
3252
-8693
374
-4383
-4773
8251
-7436
-7055
-9465
-492
-9675
-4063
8272
-7542
3620
-3204
3974
-5114
7743
7060
-1564
-5507
7187
8584
8116
-9200
-9465
8209
-488
-9312
-5828
9660
-9135
9363
7724
-4312
5721
-3830
-9210
560
5159
-4897
-9652
-8874
8927
1550
4270
-532
-7711
6268
-1127
1774
1702
-8768
-8112
-1242
-5880
1791
-2498
-5573
7716
-5645
3433
9847
-4665
-9334
-4929
8910
-5265
-2068
1075
-2196
-5905
-2817
-8100
-6668
-5855
6061
9658
-3435
-3470
1067
5920
3244
1815
2398
-2042
9634
7474
-1035
-8433
-6071
8668
6364
2844
803
1670
-9498
5791
8261
-3522
5360
-5268
4358
-4808
-8931
-2321
-5482
9332
8556
-5387
-1940
2133
-9064
7897
-3352
-1564
-9811
-1969
2937
2708
-4562
-8564
5771
-3636
-2854
-864
-2269
4339
1098
1663
-6358
-9731
-8603
-9913
1170
-3665
-8438
-1948
746
-5281
-6561
-9699
8918
-5649
3508
1797
7732
8468
-3805
-7633
1481
2471
-7146
-4448
-8961
3924
-1038
-2007
8047
1934
9948
179
-1767
-3107
-9030
-2210
736
-9151
-3273
-9687
-3126
2137
7286
-1783
-732
-4863
-7482
1419
2857
5350
1405
-736
-1856
-1269
-9818
1172
7416
5845
9048
7247
7374
3569
5
8812
-5228
3261
2069
2025
-6619
-4283
-8940
6882
1741
-4118
5494
9344
5185
4637
6284
5903
1406
7543
5137
-7303
-9472
683
-7965
9503
-3290
-201
374
4892
-8198
-520
-7060
3305
-7869
8474
-6555
6008
3068
493
-1962
-2861
4289
4524
7524
-7738
3238
-9161
5987
-7221
9562
-6856
-4160
9831
8432
-2692
8284
4090
1225
2566
-4685
3583
5343
-3831
5080
-7740
-7059
-7812
7212
6712
1192
-9725
-7166
-9088
-495
-2002
-1592
-3995
3160
9774
-3735
-4129
3812
-2405
5330
8658
-6360
-6891
4873
4824
-9810
-645
-5218
-9498
-4822
4456
1796
-1880
9444
5264
9321
1049
-6373
9276
1587
9286
-9690
-5072
326
434
8900
2278
-9070
1452
-3699
9444
9771
-2252
839
6422
8621
9832
-2685
-7613
6521
-8164
5494
-7668
5734
5050
6203
-9713
-3439
7896
-9548
5216
-7757
4536
6008
6044
8348
8712
2784
-5561
5924
-2087
-1575
3331
4201
-4265
4685
-5952
7282
-6978
6643
9489
-6267
-8760
-7245
-249
-6208
7978
-806
5276
4232
8612
-4284
-6966
999
1086
7200
-4766
1740
4795
8075
9909
-2953
-7124
-3537
-1392
3411
-7837
-1869
-1
-9636
2154
-6994
-6461
-8748
-9036
1482
-8997
1781
-3743
2252
-9631
-483
7508
208
7313
-7804
-4609
-7669
-6885
-1465
-549
2308
-7514
-5053
6735
2441
-9143
4777
4147
6340
-8371
-153
9196
4912
-7923
5606
-7823
-8219
35
9604
6197
3454
-4518
-7457
7706
392
-460
2669
-849
-3588
-1980
9832
-4984
-8536
914
9847
-9481
8592
-5482
-1477
625
-3773
7634
-83
622
522
322
-7404
-1870
-8294
-9982
-6390
2296
-6488
2338
5997
-3174
9944
-2758
-3657
-7099
-1812
-4375
-2265
-1680
-8203
-5169
7731
-6003
-7769
5086
-6415
7263
-8488
-1022
-30
5820
5565
1921
-2817
-9931
-3057
-5462
-2555
-3607
-5591
-2465
-8497
-873
4917
3020
-9425
1350
8176
-4379
-7564
-9399
-102
-8404
-1175
-4309
2592
8599
-4101
-3380
6434
-3653
784
4534
-7632
-9823
1261
-1977
-9942
-3727
5959
-6350
8181
-8658
-6090
4263
-6673
-1396
-919
-789
4511
2235
9088
5891
-3458
-632
-4079
3969
-6905
-8509
-2522
-1656
8640
-9176
-41
8063
6752
-3030
-3242
4740
-8241
2553
1292
1902
-337
8787
-7579
-1444
7686
4563
-7636
-6013
-482
6688
2110
-5802
-2740
4894
-2008
3001
4256
7293
-5073
8567
8796
-2386
-4990
7357
1383
-4152
7511
6358
-8154
4341
-2548
-8042
-9057
-2815
-3773
-2245
-3054
7366
6283
-1467
9128
-6510
8827
-8049
-1286
-4240
803
-8143
8979
3757
-9517
-5533
-2375
2725
3107
-7951
3776
-4935
7173
1838
7052
-3994
-7859
5177
-764
152
-6745
-9925
-1334
-9764
-3946
6891
-8990
6394
9439
5305
-1212
-6941
-1358
-4378
5046
5654
7380
-1911
3857
-7015
4333
-1782
4078
-5822
3980
-8119
-9808
-5556
1482
3121
-8651
-6351
2715
8562
-7495
727
3192
8742
-2298
-6407
-6544
1231
3287
7803
3261
716
6423
1550
6792
-8602
-1373
4053
-8681
-3749
5819
5038
-4003
-5512
-3743
-5827
6698
6566
-5088
-3683
3956
-4861
345
80
-6883
-5682
-7538
8638
-9614
264
9529
-6898
4932
6276
917
-6737
-4542
-1357
-2347
84
-5506
-2704
-7671
-3537
-7257
-2533
-5270
-1297
2485
-6471
-3104
-3109
-3681
-3031
-6154
-1878
-9629
-3657
-1568
2473
8936
-10
3667
1056
-3277
2717
-9894
-278
3571
-7007
8715
-1945
-1088
4828
-8177
-3341
-7191
-6119
-2663
5651
9589
3759
-3848
6857
-6632
2637
6784
-2038
2429
-7206
-7109
9116
-9790
5180
1148
4504
3630
1273
9741
26
-2639
5009
5132
-508
-5186
8842
7979
1491
-4855
7187
-4687
6491
9006
2782
2885
-4823
-6162
6810
-2312
4087
5934
2144
7293
777
-9898
9600
-2156
3733
-6320
-2680
3030
1537
-5860
7311
-1711
-5420
8627
6661
2043
-5474
4658
-4708
-7183
5242
7482
-3599
-9890
-2571
-7706
-4029
665
6821
-6415
-4346
4093
5218
7716
-5645
-610
-4785
997
-5754
-2189
7826
-5843
3776
2350
-8306
-5508
-1695
-3450
-2822
-5233
-6839
9429
641
-674
-7950
3295
3701
9490
-9585
1438
7709
6655
6209
-2048
8487
-6782
3072
-3135
4272
-2729
-3173
3530
412
7482
-5009
1085
-6295
4051
8416
-7064
3990
9421
-6513
2054
-9577
-3775
-6549
-4109
5665
1060
5689
-4274
582
2808
102
-8830
-2052
-4176
3864
8477
1421
-8560
2279
9908
7940
-368
-983
3160
-5666
966
-411
9651
-8926
7480
7448
8289
3168
-5845
-2472
2261
9767
-2820
1200
-6789
1582
-8899
-7053
7604
-2621
-6180
-6864
7881
-9813
9939
1515
2550
-2859
-6421
4114
791
7209
292
-8444
-5301
-8529
6038
-5348
3103
5360
1813
-1997
-6208
8297
-8398
8711
-5759
240
-932
-1675
6839
-3316
1414
-4219
-9486
-2171
1709
9464
-8865
-4036
-5102
1148
-412
42
6737
5053
-525
-4377
-3499
-8260
5545
6450
-155
-7757
5566
5818
9344
9585
8585
-8772
-2727
-7691
8073
5254
7276
-5893
-4205
-5489
-8958
6870
-238
6575
-6484
-2862
462
-9335
8415
3751
-8441
-3450
-764
8618
-6261
-2672
2781
-9612
6839
-830
215
-5304
-1515
2124
-9122
9908
8691
-7412
3075
4334
2766
2630
-742
-5037
-5420
-369
1978
8970
2933
-7293
1781
4901
7403
-4407
8026
2035
1992
-1345
8571
744
-7527
6887
-2732
6625
4296
6347
-1616
7639
5697
-6391
-1553
-2126
-2410
-5919
-9015
-1070
7292
-5728
4038
4108
5351
3811
-2544
4132
7390
5315
-2706
-7108
4099
-1157
-2085
35
-5983
-7670
1861
5879
-4639
2634
668
-1766
-8754
4339
-6727
-676
4260
-6093
-2690
3322
-5392
-905
4743
-2280
4618
-5538
5394
-1337
-569
3137
9236
8982
-947
-4508
-6460
-3147
5694
8412
-6144
-4741
2220
-4894
-6432
-5342
3604
-4197
2861
-8989
538
8133
9872
3482
-1996
3972
8285
-4997
4100
-9805
5418
9556
-3063
-6802
-3552
2225
3398
1687
9182
5755
799
6420
3630
5848
-9950
-7950
-8899
9502
-4473
85
4116
-1186
1601
4382
8125
1299
3265
-4247
977
5081
-2793
8537
2753
5499
-7006
-5699
8323
-978
8659
1344
1260
-8083
-3378
7107
213
4118
-5498
-5977
3432
-4046
2870
8784
9476
-5985
-3921
-3397
-2046
2556
-4927
5149
8960
-2355
-9291
-5900
-1453
2263
-6334
8132
2854
5750
-6272
2079
-9158
4184
8825
2198
-7808
4495
-5831
-5994
-3204
-758
2322
-4978
-7790
-1576
9061
-1262
-581
6392
6347
-4234
-6051
-6491
2384
-6385
-8793
-7479
-1441
7951
452
-3629
1170
7682
-7775
-9209
7941
-4708
-4809
3882
-5590
3460
-1613
-8934
-1647
-282
5324
5688
-8111
-9878
3202
4929
-1288
6463
9403
7962
-1870
7333
-8201
5210
990
9672
-4064
-3781
3555
-9575
8072
4640
-7203
-8581
484
3769
-6454
5538
1981
-7113
7380
-7117
5157
-7335
-1709
-4480
-9369
-1564
-5252
5523
7659
4707
8280
-5736
2661
-9392
-6508
-18
-7109
-5261
-2476
-7832
-2489
-2072
1646
-9317
2891
-9530
-361
9434
1382
3175
-5519
6515
-9419
-4753
-7825
9135
-3082
-4531
9040
7500
-8530
8033
-7234
-6636
6360
8533
-1242
-125
276
3565
2646
-2759
5364
5212
5372
-2771
1020
-2392
2630
-9839
8797
-4685
-5860
-5516
226
-8235
-6318
-2586
8433
-5642
-6936
7422
-4300
24
-9303
-521
-4839
-1719
-5676
4358
1712
9764
-842
7818
-9472
7240
-8850
-4630
-125
4947
-1886
9311
2840
8879
8704
6156
3892
8283
3139
4595
4851
-8656
1443
-4083
501
5225
-8459
-4660
4515
-4107
-7933
-7262
-6717
8273
-1550
9033
6158
-3678
-6045
2986
-9386
8313
7540
-6515
6244
-6247
-5418
-3179
1321
-5458
5587
-3121
5142
-271
9508
367
-1679
-6760
-2683
-4696
5698
5811
855
-6018
2880
-4624
6027
4567
429
9671
9998
-2431
4327
-9847
3981
6538
-6196
-2042
-327
-3253
642
4721
4020
-28
306
5188
-2404
3555
8766
8083
712
2918
9006
8652
7288
-5197
-2543
3558
606
868
-2273
15
6393
1650
-5456
-1983
2553
4989
5749
-7031
